4294967278,57
4294967278,56
4294967278,55
4294967278,54
14163,5
4294967278,204
4294967278,203
4294967278,202
4294967278,571
4294967278,61
4294967278,60
4294967278,59
4294967278,58
4294967279,216
4294967279,675
4294967279,83
4294967279,81
4294967279,80
4294967279,77
4294967279,566
4294967279,76
4294967279,663
4294967279,75
4294967279,74
4294967279,73
4294967279,72
4294967279,70
4294967279,69
4294967279,67
4294967279,174
4294967279,288
4294967279,556
4294967279,65
4294967279,62
4294967279,60
4294967279,59
4294967279,55
4294967279,54
4294967279,53
4294967279,52
4294967279,51
4294967279,49
4294967279,48
4294967294,1162
4294967279,78
4294967278,337
4294967279,522
4294967279,191
4294967278,199
4294967278,221
4294967278,198
4294967279,198
4294967278,197
4294967278,239
4294967279,543
4294967278,196
4294967279,195
4294967278,194
14181,7
4294967278,193
14181,6
4294967279,193
14181,5
4294967278,192
14181,4
14181,3
14181,2
14181,1
4294967279,539
4294967278,191
4294967279,646
4294967278,351
4294967278,188
4294967278,251
4294967278,187
4294967279,187
4294967294,392
4294967294,437
4294967294,389
4294967294,114
4294967278,535
4294967278,186
4294967278,346
4294967279,186
4294967278,185
4294967279,185
4294967278,183
4294967278,180
4294967279,183
4294967278,182
4294967278,181
4294967278,533
4294967294,162
4294967294,960
4294967294,909
4294967294,898
4294967294,176
4294967294,905
4294967294,89
4294967278,318
4294967278,378
4294967279,178
4294967278,326
4294967279,658
4294967279,175
4294967294,1163
4294967279,166
13977,4
4294967279,45
4294967279,44
4294967279,43
4294967279,42
4294967279,39
4294967279,37
4294967279,36
4294967279,35
4294967279,34
4294967279,33
4294967279,31
4294967294,903
4294967294,91
4294967294,87
4294967294,85
4294967294,84
4294967294,29
4294967294,387
4294967294,46
4294967294,45
4294967294,44
4294967294,40
4294967294,38
4294967294,37
4294967279,164
4294967294,8
4294967279,692
4294967294,481
4294967294,469
4294967279,0
4294967278,377
4294967279,29
4294967279,27
4294967279,24
4294967279,23
4294967279,22
4294967279,21
4294967279,20
4294967279,17
4294967279,16
4294967279,14
14073,4
4294967294,75
4294967294,104
4294967294,106
4294967294,169
4294967294,183
4294967294,174
4294967294,173
4294967294,1413
4294967294,42
4294967294,120
4294967294,43
4294967294,450
4294967294,444
4294967294,421
14159,5
14073,5
14161,6
14161,5
14163,6
4294967279,12
4294967279,11
4294967279,10
4294967279,159
4294967294,30
4294967294,942
4294967294,941
4294967294,939
4294967294,938
4294967294,933
4294967294,922
4294967294,436
4294967294,830
4294967294,829
4294967294,828
4294967294,827
4294967294,60
4294967294,88
4294967294,487
4294967294,76
4294967294,1416
4294967294,51
4294967294,52
4294967279,151
4294967294,7
4294967294,81
4294967294,82
4294967294,1414
4294967294,83
4294967294,11
4294967294,18
4294967294,127
4294967294,14
4294967294,126
4294967294,20
4294967294,13
4294967294,12
4294967294,68
4294967278,309
4294967278,132
4294967278,329
4294967278,131
4294967278,130
4294967278,544
4294967278,129
4294967278,128
4294967278,127
4294967278,126
4294967278,125
4294967278,124
4294967278,260
4294967278,272
4294967278,123
4294967278,355
4294967278,122
4294967278,564
4294967278,121
4294967278,343
4294967278,120
4294967278,119
4294967278,354
4294967278,118
4294967278,117
4294967278,116
4294967278,115
4294967278,114
4294967278,113
4294967278,112
4294967278,137
4294967278,111
4294967278,293
4294967278,110
4294967278,109
4294967278,358
4294967278,108
4294967278,107
4294967278,106
4294967278,105
4294967278,104
4294967278,103
4294967278,102
4294967278,101
4294967278,100
4294967278,324
4294967278,99
4294967278,98
4294967278,97
4294967278,96
4294967278,95
4294967278,94
4294967278,93
4294967278,92
4294967278,91
4294967278,90
4294967278,89
4294967278,87
4294967278,86
4294967278,85
4294967278,84
4294967278,83
4294967278,82
4294967278,81
4294967278,80
4294967278,79
4294967278,78
4294967278,77
4294967278,76
4294967278,75
4294967278,74
4294967278,73
4294967278,72
4294967278,71
4294967278,70
4294967278,69
4294967278,68
4294967278,67
4294967278,66
4294967278,65
4294967278,64
4294967278,63
4294967278,62
4294967278,174
4294967279,260
4294967279,84
4294967279,82
4294967279,79
4294967279,71
4294967279,68
4294967279,66
4294967279,64
4294967279,63
4294967279,61
4294967279,58
4294967279,57
4294967279,56
4294967279,50
4294967279,47
4294967279,46
4294967279,41
4294967279,40
4294967279,38
4294967279,30
4294967279,28
4294967279,26
4294967279,25
4294967279,19
4294967279,13
4294967279,9
4294967279,8
4294967279,7
4294967279,676
4294967279,6
4294967279,5
4294967279,4
4294967294,50
4294967279,32
4294967278,514
4294967278,347
4294967279,142
4294967279,141
4294967294,1
4294967294,390
